[gd_scene load_steps=13 format=2]

[ext_resource path="res://scene/Camera.gd" type="Script" id=1]
[ext_resource path="res://assets/conveyorBeltChunk.tscn" type="PackedScene" id=2]
[ext_resource path="res://objects/PartsBucket.tscn" type="PackedScene" id=3]

[sub_resource type="SpatialMaterial" id=2]
albedo_color = Color( 0.443137, 0.423529, 0.423529, 1 )

[sub_resource type="QuadMesh" id=3]
material = SubResource( 2 )
size = Vector2( 16, 16 )

[sub_resource type="CubeMesh" id=4]
size = Vector3( 10, 0.15, 1.05 )

[sub_resource type="CubeMesh" id=5]
size = Vector3( 0.2, 1, 0.2 )

[sub_resource type="CubeMesh" id=6]
size = Vector3( 0.1, 0.9, 0.1 )

[sub_resource type="SpatialMaterial" id=9]
albedo_color = Color( 0.643137, 0.576471, 0.541176, 1 )

[sub_resource type="CubeMesh" id=8]
material = SubResource( 9 )
size = Vector3( 16, 2, 0.2 )

[sub_resource type="CubeMesh" id=10]
size = Vector3( 3, 0.05, 0.9 )

[sub_resource type="CubeMesh" id=7]
size = Vector3( 1.392, 0.8, 0.1 )

[node name="Level" type="Spatial"]

[node name="CameraReference" type="Position3D" parent="."]
transform = Transform( 1, 0, 0, 0, 1, 0, 0, 0, 1, 0, 2.6, 2.9 )
__meta__ = {
"_edit_group_": true,
"_editor_description_": "Move and rotate this if you want to reposition the camera."
}

[node name="Camera" type="Camera" parent="CameraReference"]
transform = Transform( 1, 0, 0, 0, 0.866025, 0.5, 0, -0.5, 0.866025, 0, 0, 0 )
current = true
fov = 90.0
script = ExtResource( 1 )
__meta__ = {
"_edit_lock_": true,
"_editor_description_": "Maybe don't move this."
}
rotation_extent_degrees = 10.0
aim_area_aspect_ratio = 1.6

[node name="test" type="Spatial" parent="."]
transform = Transform( 1, 0, 0, 0, 1, 0, 0, 0, 1, 0, 0, 2 )

[node name="Room" type="Spatial" parent="."]

[node name="SpotLight" type="SpotLight" parent="Room"]
transform = Transform( 1, 0, 0, 0, -4.37114e-08, 1, 0, -1, -4.37114e-08, 0, 5, 1.6 )
light_energy = 2.0
light_indirect_energy = 2.0
shadow_enabled = true
shadow_bias = 0.01
shadow_reverse_cull_face = true
spot_range = 8.0
spot_attenuation = 0.757858

[node name="SpotLight2" type="SpotLight" parent="Room"]
transform = Transform( 1, 0, 0, 0, -4.37114e-08, 1, 0, -1, -4.37114e-08, 0, 5, -1.6 )
light_energy = 2.0
light_indirect_energy = 2.0
shadow_enabled = true
shadow_bias = 0.01
shadow_reverse_cull_face = true
spot_range = 8.0
spot_attenuation = 0.757858

[node name="MeshInstance" type="MeshInstance" parent="Room"]
transform = Transform( 1, 0, 0, 0, -4.37114e-08, 1, 0, -1, -4.37114e-08, 0, 0.1, 0 )
mesh = SubResource( 3 )
material/0 = null

[node name="ConveyorTable" type="MeshInstance" parent="Room"]
transform = Transform( 1, 0, 0, 0, 1, 0, 0, 0, 1, 0, 0.645, 1.9 )
mesh = SubResource( 4 )
material/0 = null

[node name="ConveyorPillar" type="MeshInstance" parent="Room"]
transform = Transform( 1, 0, 0, 0, 1, 0, 0, 0, 1, -3, 0.1, 1.6 )
mesh = SubResource( 5 )
material/0 = null

[node name="MeshInstance" type="MeshInstance" parent="Room/ConveyorPillar"]
transform = Transform( 1, 0, 0, 0, 0.707107, -0.707107, 0, 0.707107, 0.707107, 0, 0.2, 0.35 )
mesh = SubResource( 6 )
material/0 = null

[node name="ConveyorPillar2" type="MeshInstance" parent="Room"]
transform = Transform( 1, 0, 0, 0, 1, 0, 0, 0, 1, -1, 0.1, 1.6 )
mesh = SubResource( 5 )
material/0 = null

[node name="MeshInstance" type="MeshInstance" parent="Room/ConveyorPillar2"]
transform = Transform( 1, 0, 0, 0, 0.707107, -0.707107, 0, 0.707107, 0.707107, 0, 0.2, 0.35 )
mesh = SubResource( 6 )
material/0 = null

[node name="ConveyorPillar3" type="MeshInstance" parent="Room"]
transform = Transform( 1, 0, 0, 0, 1, 0, 0, 0, 1, 1, 0.1, 1.6 )
mesh = SubResource( 5 )
material/0 = null

[node name="MeshInstance" type="MeshInstance" parent="Room/ConveyorPillar3"]
transform = Transform( 1, 0, 0, 0, 0.707107, -0.707107, 0, 0.707107, 0.707107, 0, 0.2, 0.35 )
mesh = SubResource( 6 )
material/0 = null

[node name="ConveyorPillar4" type="MeshInstance" parent="Room"]
transform = Transform( 1, 0, 0, 0, 1, 0, 0, 0, 1, 3, 0.1, 1.6 )
mesh = SubResource( 5 )
material/0 = null

[node name="MeshInstance" type="MeshInstance" parent="Room/ConveyorPillar4"]
transform = Transform( 1, 0, 0, 0, 0.707107, -0.707107, 0, 0.707107, 0.707107, 0, 0.2, 0.35 )
mesh = SubResource( 6 )
material/0 = null

[node name="ConveyorPillar5" type="MeshInstance" parent="Room"]
transform = Transform( 1, 0, 0, 0, 1, 0, 0, 0, 1, -4, 0.1, 1.6 )
visible = false
mesh = SubResource( 5 )
material/0 = null

[node name="MeshInstance" type="MeshInstance" parent="Room/ConveyorPillar5"]
transform = Transform( 1, 0, 0, 0, 0.707107, -0.707107, 0, 0.707107, 0.707107, 0, 0.2, 0.35 )
mesh = SubResource( 6 )
material/0 = null

[node name="DividerWall" type="MeshInstance" parent="Room"]
transform = Transform( 1, 0, 0, 0, 1, 0, 0, 0, 1, 0, 1, 0 )
mesh = SubResource( 8 )
material/0 = null

[node name="ConveyorHood" type="Spatial" parent="Room"]
transform = Transform( 1, 0, 0, 0, 1, 0, 0, 0, 1, -3, 1, 1.9 )

[node name="MeshInstance" type="MeshInstance" parent="Room/ConveyorHood"]
transform = Transform( 1, 0, 0, 0, 1, 0, 0, 0, 1, -1, 0.8, 0 )
mesh = SubResource( 10 )
material/0 = null

[node name="MeshInstance2" type="MeshInstance" parent="Room/ConveyorHood"]
transform = Transform( 1, 0, 0, 0, 0.258819, -0.965926, 0, 0.965926, 0.258819, -1, 0.384, 0.543 )
mesh = SubResource( 10 )
material/0 = null

[node name="MeshInstance3" type="MeshInstance" parent="Room/ConveyorHood"]
transform = Transform( -1, -8.44439e-08, -2.26267e-08, 0, 0.258819, -0.965926, 8.74228e-08, -0.965926, -0.258819, -1, 0.384, -0.543 )
mesh = SubResource( 10 )
material/0 = null

[node name="ConveyorHood2" type="Spatial" parent="Room"]
transform = Transform( 1, 0, 0, 0, 1, 0, 0, 0, 1, 5, 1, 1.9 )

[node name="MeshInstance" type="MeshInstance" parent="Room/ConveyorHood2"]
transform = Transform( 1, 0, 0, 0, 1, 0, 0, 0, 1, -1, 0.8, 0 )
mesh = SubResource( 10 )
material/0 = null

[node name="MeshInstance2" type="MeshInstance" parent="Room/ConveyorHood2"]
transform = Transform( 1, 0, 0, 0, 0.258819, -0.965926, 0, 0.965926, 0.258819, -1, 0.384, 0.543 )
mesh = SubResource( 10 )
material/0 = null

[node name="MeshInstance3" type="MeshInstance" parent="Room/ConveyorHood2"]
transform = Transform( -1, -8.44439e-08, -2.26267e-08, 0, 0.258819, -0.965926, 8.74228e-08, -0.965926, -0.258819, -1, 0.384, -0.543 )
mesh = SubResource( 10 )
material/0 = null

[node name="AssemblyLine" type="Spatial" parent="."]

[node name="conveyorBeltChunkv01" parent="AssemblyLine" instance=ExtResource( 2 )]
transform = Transform( -1, 0, -8.74228e-08, 0, 1, 0, 8.74228e-08, 0, -1, 0, 1, 1.9 )

[node name="PartsBucket" parent="AssemblyLine" instance=ExtResource( 3 )]
transform = Transform( 1, 0, 0, 0, 1, 0, 0, 0, 1, -1.4, 0.8, 1.12933 )

[node name="PartsBucket2" parent="AssemblyLine" instance=ExtResource( 3 )]
transform = Transform( 1, 0, 0, 0, 1, 0, 0, 0, 1, -0.7, 0.8, 1.12933 )

[node name="PartsBucket3" parent="AssemblyLine" instance=ExtResource( 3 )]
transform = Transform( 1, 0, 0, 0, 1, 0, 0, 0, 1, 0, 0.8, 1.12933 )

[node name="PartsBucket4" parent="AssemblyLine" instance=ExtResource( 3 )]
transform = Transform( 1, 0, 0, 0, 1, 0, 0, 0, 1, 0.7, 0.8, 1.12933 )

[node name="PartsBucket5" parent="AssemblyLine" instance=ExtResource( 3 )]
transform = Transform( 1, 0, 0, 0, 1, 0, 0, 0, 1, 1.4, 0.8, 1.12933 )

[node name="PartsBucket6" parent="AssemblyLine" instance=ExtResource( 3 )]
transform = Transform( 1, 0, 0, 0, 1, 0, 0, 0, 1, -1.4, 1.1, 0.7 )

[node name="PartsBucket7" parent="AssemblyLine" instance=ExtResource( 3 )]
transform = Transform( 1, 0, 0, 0, 1, 0, 0, 0, 1, -0.7, 1.1, 0.7 )

[node name="PartsBucket8" parent="AssemblyLine" instance=ExtResource( 3 )]
transform = Transform( 1, 0, 0, 0, 1, 0, 0, 0, 1, 0, 1.1, 0.7 )

[node name="PartsBucket9" parent="AssemblyLine" instance=ExtResource( 3 )]
transform = Transform( 1, 0, 0, 0, 1, 0, 0, 0, 1, 0.7, 1.1, 0.7 )

[node name="PartsBucket10" parent="AssemblyLine" instance=ExtResource( 3 )]
transform = Transform( 1, 0, 0, 0, 1, 0, 0, 0, 1, 1.4, 1.1, 0.7 )

[node name="Screens" type="Spatial" parent="."]

[node name="MeshInstance" type="MeshInstance" parent="Screens"]
transform = Transform( 0.866025, -0.0652631, 0.495722, 0, 0.991445, 0.130526, -0.5, -0.113039, 0.858616, -2.3, 2, 0.7 )
mesh = SubResource( 7 )
material/0 = null

[node name="MeshInstance2" type="MeshInstance" parent="Screens"]
transform = Transform( 0.866025, 0.0652631, 0.495722, 0, 0.991445, -0.130526, -0.5, 0.113039, 0.858616, -2.3, 2.9, 0.7 )
mesh = SubResource( 7 )
material/0 = null

[node name="MeshInstance3" type="MeshInstance" parent="Screens"]
transform = Transform( 0.793353, 0.0794593, -0.603553, 0, 0.991445, 0.130526, 0.608761, -0.103553, 0.786566, 2.3, 2, 0.7 )
mesh = SubResource( 7 )
material/0 = null

[node name="MeshInstance4" type="MeshInstance" parent="Screens"]
transform = Transform( 0.793353, -0.0794593, -0.603553, 0, 0.991445, -0.130526, 0.608761, 0.103553, 0.786566, 2.3, 2.9, 0.7 )
mesh = SubResource( 7 )
material/0 = null
