[gd_scene load_steps=46 format=2]

[ext_resource path="res://scene/Camera.gd" type="Script" id=1]
[ext_resource path="res://assets/conveyorBeltChunk.tscn" type="PackedScene" id=2]
[ext_resource path="res://objects/PartsBucket.tscn" type="PackedScene" id=3]
[ext_resource path="res://scene/Conveyor.gd" type="Script" id=4]
[ext_resource path="res://objects/Assembly.tscn" type="PackedScene" id=5]
[ext_resource path="res://scene/PhysicalButton.gd" type="Script" id=6]
[ext_resource path="res://scene/InfoScreen.tscn" type="PackedScene" id=7]
[ext_resource path="res://scene/MonitorSupportBeam.tscn" type="PackedScene" id=8]
[ext_resource path="res://scene/MonitorCables.tscn" type="PackedScene" id=9]
[ext_resource path="res://scene/AttachmentPreview.gd" type="Script" id=10]
[ext_resource path="res://objects/attachments/Attachment001.tscn" type="PackedScene" id=11]
[ext_resource path="res://objects/attachments/Attachment002.tscn" type="PackedScene" id=12]
[ext_resource path="res://objects/attachments/Attachment003.tscn" type="PackedScene" id=13]
[ext_resource path="res://objects/attachments/Attachment004.tscn" type="PackedScene" id=14]
[ext_resource path="res://objects/attachments/Attachment005.tscn" type="PackedScene" id=15]
[ext_resource path="res://objects/attachments/Attachment006.tscn" type="PackedScene" id=16]
[ext_resource path="res://objects/attachments/Attachment007.tscn" type="PackedScene" id=17]
[ext_resource path="res://objects/attachments/Attachment008.tscn" type="PackedScene" id=18]
[ext_resource path="res://objects/attachments/Attachment009.tscn" type="PackedScene" id=19]
[ext_resource path="res://objects/attachments/Attachment010.tscn" type="PackedScene" id=20]
[ext_resource path="res://scene/infoscreens/StatusScreen.tscn" type="PackedScene" id=21]
[ext_resource path="res://scene/infoscreens/TimeScreen.tscn" type="PackedScene" id=22]
[ext_resource path="res://scene/infoscreens/PlayerStatsScreen.tscn" type="PackedScene" id=23]
[ext_resource path="res://scene/infoscreens/RobotStatsScreen.tscn" type="PackedScene" id=24]

[sub_resource type="SpatialMaterial" id=2]
albedo_color = Color( 0.443137, 0.423529, 0.423529, 1 )

[sub_resource type="QuadMesh" id=3]
material = SubResource( 2 )
size = Vector2( 16, 16 )

[sub_resource type="CubeMesh" id=4]
size = Vector3( 10, 0.15, 1.05 )

[sub_resource type="CubeMesh" id=5]
size = Vector3( 0.2, 1, 0.2 )

[sub_resource type="CubeMesh" id=6]
size = Vector3( 0.1, 0.9, 0.1 )

[sub_resource type="SpatialMaterial" id=9]
albedo_color = Color( 0.643137, 0.576471, 0.541176, 1 )

[sub_resource type="CubeMesh" id=8]
material = SubResource( 9 )
size = Vector3( 16, 2, 0.2 )

[sub_resource type="CubeMesh" id=10]
size = Vector3( 3, 0.05, 0.9 )

[sub_resource type="CubeMesh" id=11]
size = Vector3( 0.15, 1.055, 0.05 )

[sub_resource type="CubeMesh" id=12]
size = Vector3( 0.35, 0.2, 0.05 )

[sub_resource type="BoxShape" id=15]
extents = Vector3( 0.1, 0.063, 0.015 )

[sub_resource type="SpatialMaterial" id=14]
albedo_color = Color( 0.168627, 0.764706, 0.4, 1 )

[sub_resource type="CubeMesh" id=13]
material = SubResource( 14 )
size = Vector3( 0.2, 0.125, 0.03 )

[sub_resource type="ViewportTexture" id=16]
flags = 13
viewport_path = NodePath("Room/Screens/InfoScreen/Viewport")

[sub_resource type="SpatialMaterial" id=17]
resource_local_to_scene = true
albedo_texture = SubResource( 16 )
metallic_specular = 0.25
roughness = 0.75
emission_enabled = true
emission = Color( 0, 0, 0, 1 )
emission_energy = 0.5
emission_operator = 0
emission_on_uv2 = false
emission_texture = SubResource( 16 )
uv1_scale = Vector3( -1, 1, 1 )
uv1_offset = Vector3( 1, 0, 0 )

[sub_resource type="ViewportTexture" id=18]
flags = 13
viewport_path = NodePath("Room/Screens/InfoScreen2/Viewport")

[sub_resource type="SpatialMaterial" id=19]
resource_local_to_scene = true
albedo_texture = SubResource( 18 )
metallic_specular = 0.25
roughness = 0.75
emission_enabled = true
emission = Color( 0, 0, 0, 1 )
emission_energy = 0.5
emission_operator = 0
emission_on_uv2 = false
emission_texture = SubResource( 18 )
uv1_scale = Vector3( -1, 1, 1 )
uv1_offset = Vector3( 1, 0, 0 )

[sub_resource type="ViewportTexture" id=20]
flags = 13
viewport_path = NodePath("Room/Screens/InfoScreen3/Viewport")

[sub_resource type="SpatialMaterial" id=21]
resource_local_to_scene = true
albedo_texture = SubResource( 20 )
metallic_specular = 0.25
roughness = 0.75
emission_enabled = true
emission = Color( 0, 0, 0, 1 )
emission_energy = 0.5
emission_operator = 0
emission_on_uv2 = false
emission_texture = SubResource( 20 )
uv1_scale = Vector3( -1, 1, 1 )
uv1_offset = Vector3( 1, 0, 0 )

[sub_resource type="ViewportTexture" id=22]
flags = 13
viewport_path = NodePath("Room/Screens/InfoScreen4/Viewport")

[sub_resource type="SpatialMaterial" id=23]
resource_local_to_scene = true
albedo_texture = SubResource( 22 )
metallic_specular = 0.25
roughness = 0.75
emission_enabled = true
emission = Color( 0, 0, 0, 1 )
emission_energy = 0.5
emission_operator = 0
emission_on_uv2 = false
emission_texture = SubResource( 22 )
uv1_scale = Vector3( -1, 1, 1 )
uv1_offset = Vector3( 1, 0, 0 )

[node name="Level" type="Spatial"]

[node name="CameraReference" type="Position3D" parent="."]
transform = Transform( 1, 0, 0, 0, 1, 0, 0, 0, 1, 0, 2.6, 2.9 )
__meta__ = {
"_edit_group_": true,
"_editor_description_": "Move and rotate this if you want to reposition the camera."
}

[node name="Camera" type="Camera" parent="CameraReference"]
transform = Transform( 1, 0, 0, 0, 0.866025, 0.5, 0, -0.5, 0.866025, 0, 0, 0 )
current = true
fov = 90.0
script = ExtResource( 1 )
__meta__ = {
"_edit_lock_": true,
"_editor_description_": "Maybe don't move this."
}
rotation_extent_degrees = 10.0
aim_area_aspect_ratio = 1.6

[node name="AttachmentPreview" type="Position3D" parent="CameraReference/Camera"]
transform = Transform( 1, 0, 0, 0, 1, 0, 0, 0, 1, -0.5, -0.35, -0.6 )
script = ExtResource( 10 )
static_rotation_degrees = Vector3( -20, 22.5, 12.5 )

[node name="test" type="Spatial" parent="."]
transform = Transform( 1, 0, 0, 0, 1, 0, 0, 0, 1, 0, 0, 2 )

[node name="Room" type="Spatial" parent="."]

[node name="SpotLight" type="SpotLight" parent="Room"]
transform = Transform( 1, 0, 0, 0, -4.37114e-08, 1, 0, -1, -4.37114e-08, 0, 5, 1.6 )
light_energy = 2.0
light_indirect_energy = 2.0
shadow_enabled = true
shadow_bias = 0.01
shadow_reverse_cull_face = true
spot_range = 8.0
spot_attenuation = 0.757858

[node name="SpotLight2" type="SpotLight" parent="Room"]
transform = Transform( 1, 0, 0, 0, -4.37114e-08, 1, 0, -1, -4.37114e-08, 0, 5, -1.6 )
light_energy = 2.0
light_indirect_energy = 2.0
shadow_enabled = true
shadow_bias = 0.01
shadow_reverse_cull_face = true
spot_range = 8.0
spot_attenuation = 0.757858

[node name="MeshInstance" type="MeshInstance" parent="Room"]
transform = Transform( 1, 0, 0, 0, -4.37114e-08, 1, 0, -1, -4.37114e-08, 0, 0, 0 )
mesh = SubResource( 3 )
material/0 = null

[node name="ConveyorTable" type="MeshInstance" parent="Room"]
transform = Transform( 1, 0, 0, 0, 1, 0, 0, 0, 1, 0, 0.645, 1.9 )
mesh = SubResource( 4 )
material/0 = null

[node name="ConveyorPillar" type="MeshInstance" parent="Room"]
transform = Transform( 1, 0, 0, 0, 1, 0, 0, 0, 1, -3, 0.1, 1.6 )
mesh = SubResource( 5 )
material/0 = null

[node name="MeshInstance" type="MeshInstance" parent="Room/ConveyorPillar"]
transform = Transform( 1, 0, 0, 0, 0.707107, -0.707107, 0, 0.707107, 0.707107, 0, 0.2, 0.35 )
mesh = SubResource( 6 )
material/0 = null

[node name="ConveyorPillar2" type="MeshInstance" parent="Room"]
transform = Transform( 1, 0, 0, 0, 1, 0, 0, 0, 1, -1, 0.1, 1.6 )
mesh = SubResource( 5 )
material/0 = null

[node name="MeshInstance" type="MeshInstance" parent="Room/ConveyorPillar2"]
transform = Transform( 1, 0, 0, 0, 0.707107, -0.707107, 0, 0.707107, 0.707107, 0, 0.2, 0.35 )
mesh = SubResource( 6 )
material/0 = null

[node name="ConveyorPillar3" type="MeshInstance" parent="Room"]
transform = Transform( 1, 0, 0, 0, 1, 0, 0, 0, 1, 1, 0.1, 1.6 )
mesh = SubResource( 5 )
material/0 = null

[node name="MeshInstance" type="MeshInstance" parent="Room/ConveyorPillar3"]
transform = Transform( 1, 0, 0, 0, 0.707107, -0.707107, 0, 0.707107, 0.707107, 0, 0.2, 0.35 )
mesh = SubResource( 6 )
material/0 = null

[node name="ConveyorPillar4" type="MeshInstance" parent="Room"]
transform = Transform( 1, 0, 0, 0, 1, 0, 0, 0, 1, 3, 0.1, 1.6 )
mesh = SubResource( 5 )
material/0 = null

[node name="MeshInstance" type="MeshInstance" parent="Room/ConveyorPillar4"]
transform = Transform( 1, 0, 0, 0, 0.707107, -0.707107, 0, 0.707107, 0.707107, 0, 0.2, 0.35 )
mesh = SubResource( 6 )
material/0 = null

[node name="ConveyorPillar5" type="MeshInstance" parent="Room"]
transform = Transform( 1, 0, 0, 0, 1, 0, 0, 0, 1, -4, 0.1, 1.6 )
visible = false
mesh = SubResource( 5 )
material/0 = null

[node name="MeshInstance" type="MeshInstance" parent="Room/ConveyorPillar5"]
transform = Transform( 1, 0, 0, 0, 0.707107, -0.707107, 0, 0.707107, 0.707107, 0, 0.2, 0.35 )
mesh = SubResource( 6 )
material/0 = null

[node name="DividerWall" type="MeshInstance" parent="Room"]
transform = Transform( 1, 0, 0, 0, 1, 0, 0, 0, 1, 0, 1, 0 )
mesh = SubResource( 8 )
material/0 = null

[node name="Conveyor" type="Spatial" parent="Room"]
script = ExtResource( 4 )
assembly_scene = ExtResource( 5 )
attachment_preview_path = NodePath("../../CameraReference/Camera/AttachmentPreview")

[node name="conveyorBeltChunkv01" parent="Room/Conveyor" instance=ExtResource( 2 )]
transform = Transform( -1, 0, -8.74228e-08, 0, 1, 0, 8.74228e-08, 0, -1, 0, 1, 1.9 )

[node name="ConveyorHood" type="Spatial" parent="Room/Conveyor"]
transform = Transform( 1, 0, 0, 0, 1, 0, 0, 0, 1, -3, 1, 1.9 )

[node name="MeshInstance" type="MeshInstance" parent="Room/Conveyor/ConveyorHood"]
transform = Transform( 1, 0, 0, 0, 1, 0, 0, 0, 1, -1, 0.8, 0 )
mesh = SubResource( 10 )
material/0 = null

[node name="MeshInstance2" type="MeshInstance" parent="Room/Conveyor/ConveyorHood"]
transform = Transform( 1, 0, 0, 0, 0.258819, -0.965926, 0, 0.965926, 0.258819, -1, 0.384, 0.543 )
mesh = SubResource( 10 )
material/0 = null

[node name="MeshInstance3" type="MeshInstance" parent="Room/Conveyor/ConveyorHood"]
transform = Transform( -1, -8.44439e-08, -2.26267e-08, 0, 0.258819, -0.965926, 8.74228e-08, -0.965926, -0.258819, -1, 0.384, -0.543 )
mesh = SubResource( 10 )
material/0 = null

[node name="ConveyorHood2" type="Spatial" parent="Room/Conveyor"]
transform = Transform( 1, 0, 0, 0, 1, 0, 0, 0, 1, 5, 1, 1.9 )

[node name="MeshInstance" type="MeshInstance" parent="Room/Conveyor/ConveyorHood2"]
transform = Transform( 1, 0, 0, 0, 1, 0, 0, 0, 1, -1, 0.8, 0 )
mesh = SubResource( 10 )
material/0 = null

[node name="MeshInstance2" type="MeshInstance" parent="Room/Conveyor/ConveyorHood2"]
transform = Transform( 1, 0, 0, 0, 0.258819, -0.965926, 0, 0.965926, 0.258819, -1, 0.384, 0.543 )
mesh = SubResource( 10 )
material/0 = null

[node name="MeshInstance3" type="MeshInstance" parent="Room/Conveyor/ConveyorHood2"]
transform = Transform( -1, -8.44439e-08, -2.26267e-08, 0, 0.258819, -0.965926, 8.74228e-08, -0.965926, -0.258819, -1, 0.384, -0.543 )
mesh = SubResource( 10 )
material/0 = null

[node name="PartsBuckets" type="Spatial" parent="Room/Conveyor"]
transform = Transform( 1, 0, 0, 0, 0.984808, -0.173648, 0, 0.173648, 0.984808, 0, 1.3, 0.7 )

[node name="PartsBucket1" parent="Room/Conveyor/PartsBuckets" instance=ExtResource( 3 )]
transform = Transform( 1, 0, 0, 0, 1, -1.49012e-08, 0, 1.49012e-08, 1, -1.35, -0.1, 0.32933 )
part_scene = ExtResource( 11 )

[node name="PartsBucket2" parent="Room/Conveyor/PartsBuckets" instance=ExtResource( 3 )]
transform = Transform( 1, 0, 0, 0, 1, -1.49012e-08, 0, 1.49012e-08, 1, -0.675, -0.1, 0.32933 )
part_scene = ExtResource( 12 )

[node name="PartsBucket3" parent="Room/Conveyor/PartsBuckets" instance=ExtResource( 3 )]
transform = Transform( 1, 0, 0, 0, 1, -1.49012e-08, 0, 1.49012e-08, 1, 0, -0.1, 0.32933 )
part_scene = ExtResource( 13 )

[node name="PartsBucket4" parent="Room/Conveyor/PartsBuckets" instance=ExtResource( 3 )]
transform = Transform( 1, 0, 0, 0, 1, -1.49012e-08, 0, 1.49012e-08, 1, 0.675, -0.1, 0.32933 )
part_scene = ExtResource( 14 )

[node name="PartsBucket5" parent="Room/Conveyor/PartsBuckets" instance=ExtResource( 3 )]
transform = Transform( 1, 0, 0, 0, 1, -1.49012e-08, 0, 1.49012e-08, 1, 1.35, -0.1, 0.32933 )
part_scene = ExtResource( 15 )

[node name="PartsBucket6" parent="Room/Conveyor/PartsBuckets" instance=ExtResource( 3 )]
transform = Transform( 1, 0, 0, 0, 1, 0, 0, 0, 1, -1.35, 0.1, -0.1 )
part_scene = ExtResource( 16 )

[node name="PartsBucket7" parent="Room/Conveyor/PartsBuckets" instance=ExtResource( 3 )]
transform = Transform( 1, 0, 0, 0, 1, 0, 0, 0, 1, -0.675, 0.1, -0.1 )
part_scene = ExtResource( 17 )

[node name="PartsBucket8" parent="Room/Conveyor/PartsBuckets" instance=ExtResource( 3 )]
transform = Transform( 1, 0, 0, 0, 1, 0, 0, 0, 1, 0, 0.1, -0.1 )
part_scene = ExtResource( 18 )

[node name="PartsBucket9" parent="Room/Conveyor/PartsBuckets" instance=ExtResource( 3 )]
transform = Transform( 1, 0, 0, 0, 1, 0, 0, 0, 1, 0.675, 0.1, -0.1 )
part_scene = ExtResource( 19 )

[node name="PartsBucket10" parent="Room/Conveyor/PartsBuckets" instance=ExtResource( 3 )]
transform = Transform( 1, 0, 0, 0, 1, 0, 0, 0, 1, 1.35, 0.1, -0.1 )
part_scene = ExtResource( 20 )

[node name="ButtonPanel" type="MeshInstance" parent="Room/Conveyor"]
transform = Transform( 1, 0, 0, 0, 1, 0, 0, 0, 1, 1.1, 1.1, 2.5 )
mesh = SubResource( 11 )
material/0 = null

[node name="MeshInstance" type="MeshInstance" parent="Room/Conveyor/ButtonPanel"]
transform = Transform( 1, 0, 0, 0, 0.707107, 0.707107, 0, -0.707107, 0.707107, 0, 0.579843, -0.0319097 )
mesh = SubResource( 12 )
material/0 = null

[node name="SendButton" type="Area" parent="Room/Conveyor/ButtonPanel/MeshInstance"]
transform = Transform( 1, 0, 0, 0, 1, 0, 0, 0, 1, 0, 0, 0.03 )
script = ExtResource( 6 )

[node name="CollisionShape" type="CollisionShape" parent="Room/Conveyor/ButtonPanel/MeshInstance/SendButton"]
transform = Transform( 1, 0, 0, 0, 1, 0, 0, 0, 1, 0, -1.19209e-07, 0 )
shape = SubResource( 15 )

[node name="MeshInstance" type="MeshInstance" parent="Room/Conveyor/ButtonPanel/MeshInstance/SendButton"]
mesh = SubResource( 13 )
material/0 = null

[node name="AssemblySpawnPoint" type="Position3D" parent="Room/Conveyor"]
transform = Transform( 1, 0, 0, 0, 1, 0, 0, 0, 1, -8, 1, 1.9 )

[node name="AssemblyAssemblyPoint" type="Position3D" parent="Room/Conveyor"]
transform = Transform( 1, 0, 0, 0, 1, 0, 0, 0, 1, 0, 1, 1.9 )

[node name="AssemblyExitPoint" type="Position3D" parent="Room/Conveyor"]
transform = Transform( 1, 0, 0, 0, 1, 0, 0, 0, 1, 8, 1, 1.9 )

[node name="Tween" type="Tween" parent="Room/Conveyor"]

[node name="Screens" type="Spatial" parent="Room"]

[node name="InfoScreen" parent="Room/Screens" instance=ExtResource( 7 )]
transform = Transform( 0.866025, -0.0652631, 0.495722, 0, 0.991445, 0.130526, -0.5, -0.113039, 0.858616, -2.3, 2, 0.7 )
display_material = SubResource( 17 )

[node name="Viewport" type="Viewport" parent="Room/Screens/InfoScreen"]
size = Vector2( 1280, 720 )
hdr = false
usage = 0

[node name="TimeScreen" parent="Room/Screens/InfoScreen/Viewport" instance=ExtResource( 22 )]

[node name="InfoScreen2" parent="Room/Screens" instance=ExtResource( 7 )]
transform = Transform( 0.866025, 0.0652631, 0.495722, 0, 0.991445, -0.130526, -0.5, 0.113039, 0.858616, -2.3, 2.9, 0.7 )
display_material = SubResource( 19 )

[node name="Viewport" type="Viewport" parent="Room/Screens/InfoScreen2"]
size = Vector2( 1280, 720 )
hdr = false
usage = 0

[node name="PlayerStatsScreen" parent="Room/Screens/InfoScreen2/Viewport" instance=ExtResource( 23 )]

[node name="InfoScreen3" parent="Room/Screens" instance=ExtResource( 7 )]
transform = Transform( 0.793353, 0.0794593, -0.603553, 0, 0.991445, 0.130526, 0.608761, -0.103553, 0.786566, 2.3, 2, 0.7 )
display_material = SubResource( 21 )

[node name="Viewport" type="Viewport" parent="Room/Screens/InfoScreen3"]
size = Vector2( 1280, 720 )
hdr = false
usage = 0

[node name="TimeScreen" parent="Room/Screens/InfoScreen3/Viewport" instance=ExtResource( 21 )]

[node name="InfoScreen4" parent="Room/Screens" instance=ExtResource( 7 )]
transform = Transform( 0.793353, -0.0794593, -0.603553, 0, 0.991445, -0.130526, 0.608761, 0.103553, 0.786566, 2.3, 2.9, 0.7 )
display_material = SubResource( 23 )

[node name="Viewport" type="Viewport" parent="Room/Screens/InfoScreen4"]
size = Vector2( 1280, 720 )
hdr = false
usage = 0

[node name="PlayerStatsScreen" parent="Room/Screens/InfoScreen4/Viewport" instance=ExtResource( 24 )]

[node name="MonitorSupportBeam" parent="." instance=ExtResource( 8 )]
transform = Transform( 1, 0, 0, 0, 1, 0, 0, 0, 1, 2.675, 0, 0.352 )

[node name="MonitorCables" parent="MonitorSupportBeam" instance=ExtResource( 9 )]
transform = Transform( 0.121696, 0, -0.992567, 0, 1, 0, 0.992567, 0, 0.121696, 0, 0, 0 )

[node name="MonitorSupportBeam2" parent="." instance=ExtResource( 8 )]
transform = Transform( 0.0444967, 0, 0.99992, 0, 1.00091, 0, -0.99992, 0, 0.0444967, -2.675, 0, 0.351514 )

[node name="MonitorCables" parent="MonitorSupportBeam2" instance=ExtResource( 9 )]
transform = Transform( -0.153331, 0, -0.988175, 0, 1, 0, 0.988175, 0, -0.153331, -2.98023e-08, 0, 0 )

[connection signal="pressed" from="Room/Conveyor/ButtonPanel/MeshInstance/SendButton" to="Room/Conveyor" method="send_assembly"]
